87,[0.00543697]
80,[0.02305137]
32,[0.00560448]
81,[0.00577199]
185,[0.00543697]
77,[0.00543697]
213,[0.00543697]
194,[0.00543697]
21,[0.00543697]
22,[0.00543697]
160,[0.00543697]
216,[0.00543697]
150,[0.00543697]
48,[0.00543697]
170,[0.00543697]
201,[0.00543697]
116,[0.00543697]
143,[0.00543697]
38,[0.00543697]
124,[0.00543697]
209,[0.00543697]
135,[0.00543697]
105,[0.00543697]
147,[0.00543697]
5,[0.00543697]
31,[0.00560448]
20,[0.00543697]
15,[0.00543697]
221,[0.00543697]
153,[0.00560981]
86,[0.00560448]
181,[0.00543697]
196,[0.00543697]
112,[0.00543697]
90,[0.00543697]
224,[0.00543697]
100,[0.00543697]
122,[0.00543697]
56,[0.00543697]
93,[0.00543697]
50,[0.00543697]
191,[0.00543697]
9,[0.00543697]
52,[0.00543697]
203,[0.00543697]
30,[0.00543697]
91,[0.00543697]
144,[0.00543697]
199,[0.00543697]
171,[0.00543697]
113,[0.00543697]
226,[0.00543697]
193,[0.00543697]
60,[0.00543697]
152,[0.00543697]
110,[0.00543697]
179,[0.00543697]
121,[0.00543697]
169,[0.00543697]
10,[0.00543697]
186,[0.00543697]
139,[0.00543697]
73,[0.00543697]
133,[0.00543697]
37,[0.00543697]
63,[0.00543697]
94,[0.00543697]
46,[0.00543697]
127,[0.00543697]
180,[0.00543697]
202,[0.00543697]
85,[0.00543697]
163,[0.00543697]
183,[0.00543697]
101,[0.00543697]
129,[0.00543697]
125,[0.00543697]
55,[0.00560448]
53,[0.00543697]
118,[0.00543697]
109,[0.00560448]
119,[0.00543697]
187,[0.00543697]
225,[0.00543697]
39,[0.00543697]
58,[0.00543697]
177,[0.00543697]
137,[0.00543697]
184,[0.00543697]
106,[0.00543697]
204,[0.00543697]
24,[0.00543697]
145,[0.00543697]
227,[0.00543697]
40,[0.00543697]
223,[0.00543697]
97,[0.00543697]
200,[0.00543697]
70,[0.00543697]
117,[0.00543697]
49,[0.00543697]
214,[0.00543697]
108,[0.00560448]
162,[0.00543697]
168,[0.00543697]
72,[0.00543697]
173,[0.00543697]
167,[0.00560448]
190,[0.00543697]
4,[0.00543697]
211,[0.00560448]
165,[0.00543697]
148,[0.00543697]
131,[0.00543697]
141,[0.00543697]
120,[0.00543697]
210,[0.00543697]
12,[0.00543697]
157,[0.00543697]
57,[0.00543697]
178,[0.00543697]
156,[0.00543697]
107,[0.00543697]
35,[0.00543697]
140,[0.00543697]
174,[0.00543697]
161,[0.00543697]
75,[0.00543697]
208,[0.00543697]
146,[0.00543697]
16,[0.00543697]
74,[0.00560448]
42,[0.00543697]
175,[0.00543697]
34,[0.00543697]
25,[0.00543697]
149,[0.00543697]
66,[0.00543697]
142,[0.00543697]
41,[0.00543697]
23,[0.00543697]
59,[0.00543697]
205,[0.00543697]
88,[0.00543697]
14,[0.00577199]
182,[0.00543697]
115,[0.00543697]
99,[0.00543697]
128,[0.00543697]
198,[0.00543697]
197,[0.00560448]
19,[0.00543697]
176,[0.00543697]
206,[0.00543697]
17,[0.00577199]
218,[0.00543697]
111,[0.00543697]
192,[0.00543697]
102,[0.00543697]
123,[0.00543697]
98,[0.00543697]
95,[0.00560448]
65,[0.00543697]
47,[0.00543697]
103,[0.00543697]
7,[0.00543697]
219,[0.00543697]
134,[0.00543697]
11,[0.00543697]
132,[0.00543697]
89,[0.00543697]
172,[0.00543697]
44,[0.00543697]
220,[0.00543697]
138,[0.00543697]
29,[0.00543697]
130,[0.00543697]
54,[0.00543697]
92,[0.00543697]
45,[0.00614717]
